G1_hazard_segment1.mp4,30,0.325,0.444,0.52,0.781,17,0
G1_hazard_segment1.mp4,30,0.325,0.444,0.52,0.781,18,0
G1_hazard_segment1.mp4,30,0.325,0.444,0.52,0.781,1,0
G1_hazard_segment1.mp4,60,0.325,0.444,0.519,0.784,17,0
G1_hazard_segment1.mp4,60,0.325,0.444,0.519,0.784,18,0
G1_hazard_segment1.mp4,60,0.325,0.444,0.519,0.784,1,0
G1_hazard_segment1.mp4,90,0.325,0.444,0.523,0.796,17,0
G1_hazard_segment1.mp4,90,0.325,0.444,0.523,0.796,18,0
G1_hazard_segment1.mp4,90,0.325,0.444,0.523,0.796,1,0
G1_hazard_segment1.mp4,120,0.33,0.454,0.526,0.816,17,0
G1_hazard_segment1.mp4,120,0.33,0.454,0.526,0.816,18,0
G1_hazard_segment1.mp4,120,0.33,0.454,0.526,0.816,1,0
G1_hazard_segment1.mp4,150,0.333,0.463,0.522,0.825,17,0
G1_hazard_segment1.mp4,150,0.333,0.463,0.522,0.825,18,0
G1_hazard_segment1.mp4,150,0.333,0.463,0.522,0.825,1,0
G1_hazard_segment1.mp4,180,0.333,0.463,0.522,0.825,17,0
G1_hazard_segment1.mp4,180,0.333,0.463,0.522,0.825,18,0
G1_hazard_segment1.mp4,180,0.333,0.463,0.522,0.825,1,0
G1_hazard_segment1.mp4,210,0.332,0.463,0.522,0.825,17,0
G1_hazard_segment1.mp4,210,0.332,0.463,0.522,0.825,18,0
G1_hazard_segment1.mp4,210,0.332,0.463,0.522,0.825,1,0
G1_hazard_segment1.mp4,240,0.331,0.462,0.522,0.825,17,0
G1_hazard_segment1.mp4,240,0.331,0.462,0.522,0.825,18,0
G1_hazard_segment1.mp4,240,0.331,0.462,0.522,0.825,1,0
G1_hazard_segment1.mp4,270,0.33,0.462,0.522,0.825,17,0
G1_hazard_segment1.mp4,270,0.33,0.462,0.522,0.825,18,0
G1_hazard_segment1.mp4,270,0.33,0.462,0.522,0.825,1,0
G1_hazard_segment1.mp4,300,0.33,0.462,0.522,0.825,17,0
G1_hazard_segment1.mp4,300,0.33,0.462,0.522,0.825,18,0
G1_hazard_segment1.mp4,300,0.33,0.462,0.522,0.825,1,0
G1_hazard_segment1.mp4,330,0.33,0.462,0.522,0.825,17,0
G1_hazard_segment1.mp4,330,0.33,0.462,0.522,0.825,18,0
G1_hazard_segment1.mp4,330,0.33,0.462,0.522,0.825,1,0
G1_hazard_segment1.mp4,360,0.33,0.462,0.522,0.825,17,0
G1_hazard_segment1.mp4,360,0.33,0.462,0.522,0.825,18,0
G1_hazard_segment1.mp4,360,0.33,0.462,0.522,0.825,1,0
G1_hazard_segment1.mp4,30,0.549,0.27,0.663,0.704,11,1
G1_hazard_segment1.mp4,30,0.549,0.27,0.663,0.704,17,1
G1_hazard_segment1.mp4,30,0.549,0.27,0.663,0.704,18,1
G1_hazard_segment1.mp4,30,0.549,0.27,0.663,0.704,1,1
G1_hazard_segment1.mp4,60,0.549,0.273,0.662,0.704,11,1
G1_hazard_segment1.mp4,60,0.549,0.273,0.662,0.704,17,1
G1_hazard_segment1.mp4,60,0.549,0.273,0.662,0.704,18,1
G1_hazard_segment1.mp4,60,0.549,0.273,0.662,0.704,1,1
G1_hazard_segment1.mp4,90,0.549,0.276,0.661,0.704,11,1
G1_hazard_segment1.mp4,90,0.549,0.276,0.661,0.704,17,1
G1_hazard_segment1.mp4,90,0.549,0.276,0.661,0.704,18,1
G1_hazard_segment1.mp4,90,0.549,0.276,0.661,0.704,1,1
G1_hazard_segment1.mp4,120,0.549,0.279,0.66,0.704,11,1
G1_hazard_segment1.mp4,120,0.549,0.279,0.66,0.704,17,1
G1_hazard_segment1.mp4,120,0.549,0.279,0.66,0.704,18,1
G1_hazard_segment1.mp4,120,0.549,0.279,0.66,0.704,1,1
G1_hazard_segment1.mp4,150,0.549,0.279,0.674,0.704,11,1
G1_hazard_segment1.mp4,150,0.549,0.279,0.674,0.704,17,1
G1_hazard_segment1.mp4,150,0.549,0.279,0.674,0.704,18,1
G1_hazard_segment1.mp4,150,0.549,0.279,0.674,0.704,1,1
G1_hazard_segment1.mp4,180,0.549,0.279,0.688,0.704,11,1
G1_hazard_segment1.mp4,180,0.549,0.279,0.688,0.704,17,1
G1_hazard_segment1.mp4,180,0.549,0.279,0.688,0.704,18,1
G1_hazard_segment1.mp4,180,0.549,0.279,0.688,0.704,1,1
G1_hazard_segment1.mp4,210,0.549,0.279,0.702,0.704,11,1
G1_hazard_segment1.mp4,210,0.549,0.279,0.702,0.704,17,1
G1_hazard_segment1.mp4,210,0.549,0.279,0.702,0.704,18,1
G1_hazard_segment1.mp4,210,0.549,0.279,0.702,0.704,1,1
G1_hazard_segment1.mp4,240,0.549,0.279,0.704,0.704,11,1
G1_hazard_segment1.mp4,240,0.549,0.279,0.704,0.704,17,1
G1_hazard_segment1.mp4,240,0.549,0.279,0.704,0.704,18,1
G1_hazard_segment1.mp4,240,0.549,0.279,0.704,0.704,1,1
G1_hazard_segment1.mp4,270,0.549,0.279,0.708,0.704,11,1
G1_hazard_segment1.mp4,270,0.549,0.279,0.708,0.704,17,1
G1_hazard_segment1.mp4,270,0.549,0.279,0.708,0.704,18,1
G1_hazard_segment1.mp4,270,0.549,0.279,0.708,0.704,1,1
G1_hazard_segment1.mp4,300,0.549,0.279,0.708,0.704,11,1
G1_hazard_segment1.mp4,300,0.549,0.279,0.708,0.704,17,1
G1_hazard_segment1.mp4,300,0.549,0.279,0.708,0.704,18,1
G1_hazard_segment1.mp4,300,0.549,0.279,0.708,0.704,1,1
G1_hazard_segment1.mp4,330,0.549,0.279,0.678,0.704,17,1
G1_hazard_segment1.mp4,330,0.549,0.279,0.678,0.704,18,1
G1_hazard_segment1.mp4,330,0.549,0.279,0.678,0.704,1,1
G1_hazard_segment1.mp4,360,0.549,0.279,0.678,0.704,17,1
G1_hazard_segment1.mp4,360,0.549,0.279,0.678,0.704,18,1
G1_hazard_segment1.mp4,360,0.549,0.279,0.678,0.704,1,1
G1_hazard_segment2.mp4,7920,0.202,0.296,0.341,0.703,2,2
G1_hazard_segment2.mp4,7920,0.202,0.296,0.341,0.703,8,2
G1_hazard_segment2.mp4,7920,0.202,0.296,0.341,0.703,13,2
G1_hazard_segment2.mp4,7950,0.186,0.298,0.317,0.74,11,2
G1_hazard_segment2.mp4,7950,0.186,0.298,0.317,0.74,2,2
G1_hazard_segment2.mp4,7950,0.186,0.298,0.317,0.74,8,2
G1_hazard_segment2.mp4,7950,0.186,0.298,0.317,0.74,13,2
G1_hazard_segment2.mp4,7980,0.197,0.285,0.322,0.695,11,2
G1_hazard_segment2.mp4,7980,0.197,0.285,0.322,0.695,2,2
G1_hazard_segment2.mp4,7980,0.197,0.285,0.322,0.695,8,2
G1_hazard_segment2.mp4,7980,0.197,0.285,0.322,0.695,13,2
G1_hazard_segment2.mp4,8010,0.199,0.262,0.318,0.637,2,2
G1_hazard_segment2.mp4,8010,0.199,0.262,0.318,0.637,8,2
G1_hazard_segment2.mp4,8010,0.199,0.262,0.318,0.637,13,2
G1_hazard_segment2.mp4,8040,0.249,0.2,0.358,0.614,0,2
G1_hazard_segment2.mp4,8040,0.249,0.2,0.358,0.614,8,2
G1_hazard_segment2.mp4,8070,0.345,0.157,0.452,0.58,0,2
G1_hazard_segment2.mp4,8100,0.389,0.11,0.49,0.577,0,2
G1_hazard_segment2.mp4,8130,0.369,0.04,0.453,0.517,15,2
G1_hazard_segment2.mp4,8130,0.369,0.04,0.453,0.517,0,2
G1_hazard_segment2.mp4,8160,0.306,0.008,0.39,0.344,15,2
G1_hazard_segment2.mp4,8160,0.306,0.008,0.39,0.344,0,2
G1_hazard_segment2.mp4,8190,0.258,0.005,0.34,0.334,2,2
G1_hazard_segment2.mp4,8190,0.258,0.005,0.34,0.334,15,2
G1_hazard_segment2.mp4,8220,0.254,0.002,0.335,0.378,2,2
G1_hazard_segment2.mp4,8220,0.254,0.002,0.335,0.378,15,2
G1_hazard_segment2.mp4,8250,0.272,0.002,0.342,0.363,2,2
G1_hazard_segment2.mp4,8250,0.272,0.002,0.342,0.363,15,2
G1_hazard_segment2.mp4,8280,0.28,0.003,0.342,0.356,0,2
G1_hazard_segment2.mp4,7920,0.431,0.424,0.566,0.975,13,3
G1_hazard_segment2.mp4,7920,0.431,0.424,0.566,0.975,2,3
G1_hazard_segment2.mp4,7920,0.431,0.424,0.566,0.975,8,3
G1_hazard_segment2.mp4,7950,0.443,0.433,0.579,0.977,2,3
G1_hazard_segment2.mp4,7950,0.443,0.433,0.579,0.977,8,3
G1_hazard_segment2.mp4,7980,0.436,0.419,0.559,0.977,2,3
G1_hazard_segment2.mp4,7980,0.436,0.419,0.559,0.977,8,3
G1_hazard_segment2.mp4,8010,0.423,0.405,0.538,0.976,13,3
G1_hazard_segment2.mp4,8010,0.423,0.405,0.538,0.976,2,3
G1_hazard_segment2.mp4,8010,0.423,0.405,0.538,0.976,8,3
G1_hazard_segment2.mp4,8040,0.432,0.421,0.548,0.822,13,3
G1_hazard_segment2.mp4,8040,0.432,0.421,0.548,0.822,2,3
G1_hazard_segment2.mp4,8040,0.432,0.421,0.548,0.822,8,3
G1_hazard_segment2.mp4,8070,0.424,0.429,0.533,0.86,7,3
G1_hazard_segment2.mp4,8070,0.424,0.429,0.533,0.86,2,3
G1_hazard_segment2.mp4,8100,0.414,0.44,0.542,0.948,2,3
G1_hazard_segment2.mp4,8130,0.427,0.444,0.568,0.968,18,3
G1_hazard_segment2.mp4,8130,0.427,0.444,0.568,0.968,2,3
G1_hazard_segment2.mp4,8160,0.436,0.461,0.569,0.993,2,3
G1_hazard_segment2.mp4,8190,0.363,0.473,0.541,0.992,13,3
G1_hazard_segment2.mp4,8190,0.363,0.473,0.541,0.992,2,3
G1_hazard_segment2.mp4,8220,0.359,0.456,0.517,0.99,11,3
G1_hazard_segment2.mp4,8220,0.359,0.456,0.517,0.99,13,3
G1_hazard_segment2.mp4,8220,0.359,0.456,0.517,0.99,2,3
G1_hazard_segment2.mp4,8250,0.393,0.447,0.512,0.992,11,3
G1_hazard_segment2.mp4,8250,0.393,0.447,0.512,0.992,2,3
G1_hazard_segment2.mp4,8280,0.395,0.447,0.511,0.993,11,3
G1_hazard_segment2.mp4,8280,0.395,0.447,0.511,0.993,2,3
G1_hazard_segment2.mp4,4920,0.355,0.467,0.532,0.984,1,4
G1_hazard_segment2.mp4,4920,0.355,0.467,0.532,0.984,10,4
G1_hazard_segment2.mp4,4950,0.371,0.474,0.545,0.984,14,4
G1_hazard_segment2.mp4,4950,0.371,0.474,0.545,0.984,15,4
G1_hazard_segment2.mp4,4950,0.371,0.474,0.545,0.984,1,4
G1_hazard_segment2.mp4,4980,0.357,0.489,0.522,0.984,15,4
G1_hazard_segment2.mp4,4980,0.357,0.489,0.522,0.984,1,4
G1_hazard_segment2.mp4,5010,0.356,0.482,0.521,0.978,1,4
G1_hazard_segment2.mp4,5040,0.356,0.482,0.521,0.978,1,4
G1_hazard_segment2.mp4,5070,0.356,0.482,0.521,0.978,1,4
G1_hazard_segment2.mp4,5100,0.356,0.483,0.521,0.978,1,4
G1_hazard_segment2.mp4,5130,0.357,0.484,0.521,0.978,1,4
G1_hazard_segment2.mp4,5160,0.357,0.484,0.52,0.984,1,4
G1_hazard_segment2.mp4,5190,0.357,0.484,0.52,0.965,1,4
G1_hazard_segment2.mp4,5220,0.357,0.484,0.523,0.859,1,4
G1_hazard_segment2.mp4,5250,0.357,0.481,0.523,0.863,1,4
G1_hazard_segment2.mp4,5280,0.357,0.481,0.524,0.861,1,4
G1_hazard_segment2.mp4,4920,0.734,0.313,0.917,0.788,1,5
G1_hazard_segment2.mp4,4950,0.734,0.315,0.917,0.788,1,5
G1_hazard_segment2.mp4,4980,0.734,0.316,0.917,0.788,1,5
G1_hazard_segment2.mp4,5010,0.734,0.318,0.917,0.788,1,5
G1_hazard_segment2.mp4,5040,0.734,0.319,0.917,0.788,1,5
G1_hazard_segment2.mp4,5070,0.734,0.321,0.917,0.788,1,5
G1_hazard_segment2.mp4,5100,0.734,0.324,0.916,0.788,1,5
G1_hazard_segment2.mp4,5130,0.734,0.31,0.914,0.788,1,5
G1_hazard_segment2.mp4,5160,0.734,0.305,0.914,0.788,1,5
G1_hazard_segment2.mp4,5190,0.734,0.303,0.914,0.788,1,5
G1_hazard_segment2.mp4,5220,0.734,0.3,0.914,0.788,1,5
G1_hazard_segment2.mp4,5250,0.734,0.299,0.914,0.788,1,5
G1_hazard_segment2.mp4,5280,0.734,0.299,0.914,0.788,1,5
